6.535506969950304779e+00 1.391600878983473599e+01 -5.660801784141117565e+00
7.695962886725350671e+00 1.159764287595149668e+01 -8.604716661668684097e+00
9.009908229047036698e+00 9.279733573942760216e+00 -1.153781533209118315e+01
8.913843597546035724e+00 5.483880580416189865e+00 -1.047296783243025331e+01
1.237544148699703328e+01 4.067309845328187734e+00 -1.030538931590685969e+01
1.328067513783037512e+01 3.026646717984107227e-01 -1.023725881157110962e+01
1.403340133576526760e+01 5.385533364238188625e-01 -6.540865146561616328e+00
1.082620017312319582e+01 2.134198145727360441e+00 -5.413215867444300500e+00
8.773224828711537526e+00 -6.943931056602252738e-01 -6.957975209362840197e+00
1.094660025772179957e+01 -3.397890359032807339e+00 -5.269376454666632625e+00
1.037137404569870291e+01 -1.962836425575908095e+00 -1.830702531549292189e+00
6.667047542391844495e+00 -2.167735120676390181e+00 -2.528049184252120440e+00
7.048498702083596079e+00 -5.893559305155534389e+00 -3.401275826936286606e+00
8.757510087266853205e+00 -6.815190046614375774e+00 -1.424592223377132427e-01
5.881912226907918928e+00 -5.389105433199388173e+00 1.827361951662146211e+00
3.329596310953946592e+00 -7.133545394781762639e+00 -3.155273751771972002e-01
4.562465937187958787e+00 -1.076235061715454222e+01 -1.423087907769726712e-02
4.514772097776585724e+00 -1.044890569178531692e+01 3.794933481931130004e+00
8.908253026562000798e-01 -1.154025937311726580e+01 3.776398354144708591e+00
1.174998832608913579e+00 -1.442932128115131007e+01 1.415874807606403829e+00
6.036531153425468421e-01 -1.737314836532151219e+01 1.597582167398746034e+00
1.450256405122486880e+00 -2.068976790631656826e+01 1.435915912092986746e+00
4.854672454328848197e+00 -2.145825833722154030e+01 8.385689156013081957e-01
6.002604645151803808e+00 -2.079174746339197810e+01 -3.499673205898316208e+00
7.186975432519815854e+00 -2.011079884953272412e+01 -7.805491215356706647e+00
9.817143407431762725e+00 -2.122911897048330587e+01 -1.220548570617588169e+01
1.207079777369792950e+01 -1.809247821408267143e+01 -1.159589346653751640e+01
1.138137442058611981e+01 -1.430708489735810929e+01 -1.149120495684005405e+01
1.341771186277149930e+01 -1.104810122808094874e+01 -1.073239415774482985e+01
1.369785397176303654e+01 -1.180789707187216919e+01 -7.076080173686181141e+00
1.752462838956900271e+01 -1.173015143725290876e+01 -7.144827182967765644e+00
1.753368041106134712e+01 -8.323185028853934853e+00 -8.760381023206935680e+00
1.787121720228174127e+01 -5.910744315445112917e+00 -5.769117784466677890e+00
2.028069569202608591e+01 -8.331589974173812863e+00 -4.192458550208590040e+00
2.263736266228225347e+01 -7.816796334417542624e+00 -7.104647652363301980e+00
2.235048871101489709e+01 -4.009113123602844553e+00 -6.777547617698489901e+00
2.303363603300241635e+01 -4.341396147246999959e+00 -3.087587110383275046e+00
2.631443325165850666e+01 -6.058970463988302413e+00 -3.699118538189992478e+00
2.749220176455162346e+01 -2.812438134170538007e+00 -5.311465208408074901e+00
2.724572149021311773e+01 -7.057382974477366400e-01 -2.136360683786512560e+00
3.005011224361290445e+01 4.886820148049697554e-01 7.365899421770790712e-01
3.090844392946137731e+01 2.639908207974433818e+00 3.205863182362741259e+00
2.781811576012976417e+01 4.445677195043053587e+00 4.442805018063927136e+00
2.737951457878102701e+01 3.675342207822600571e-01 3.000621533878759628e+00
2.803399749972221855e+01 -3.931102021270179048e+00 2.628691051593887273e+00
2.723608622249192024e+01 -7.612669207648036007e+00 3.732712762915206373e+00
2.462099372110177598e+01 -6.637710729262273901e+00 6.475422014284770711e+00
2.229290264453543102e+01 -4.858117605555740681e+00 4.061708008959615590e+00
2.216303371040309500e+01 -7.996327877501428816e+00 1.943141708914547516e+00
2.074013660779137780e+01 -1.037848109681385722e+01 4.814112200832855848e+00
1.775012514120308538e+01 -8.057267623134963586e+00 5.658421739347585522e+00
1.644129934821837935e+01 -8.077830967252188188e+00 2.105952559281581316e+00
1.623687741420442876e+01 -1.195547440508032722e+01 2.085149124886680916e+00
1.395560499227349460e+01 -1.213378346831811960e+01 5.342508197989159768e+00
1.120377381308365017e+01 -9.801227426505075613e+00 4.168255199526289090e+00
1.040415854946773777e+01 -1.183137204958576660e+01 1.069803218099686148e+00
9.843013569159900555e+00 -1.520538204495102796e+01 3.070439041188301132e+00
7.926315306303385100e+00 -1.374318753602554466e+01 6.086820574400197081e+00
6.015380920603853987e+00 -1.226679333473421707e+01 9.103557779193888422e+00
3.985124893269344160e+00 -1.520917013355374792e+01 6.861195143954882170e+00
6.478290828692766290e+00 -1.796791563995065033e+01 9.167430793684369306e+00
7.517317334772068094e+00 -1.868111014560697214e+01 1.250726247788536583e+01
6.807478879229823754e+00 -1.478936246207035587e+01 1.371327105925383449e+01
7.853638510944182194e+00 -1.184759360246567894e+01 1.632858934508849202e+01
1.044569224893467130e+01 -8.828297125273429913e+00 1.535732206926243748e+01
9.068930062152791294e+00 -6.737385892222993888e+00 1.240128074995148211e+01
6.107115030155224389e+00 -4.502591739436429208e+00 1.358791098390258689e+01
8.355081440431817441e+00 -4.092758843518854661e+00 1.655453968494191486e+01
1.127863768577586789e+01 -1.662854326564740859e+00 1.535719977310264106e+01
8.854071148646276868e+00 8.269987115419503709e-01 1.373379462213812374e+01
7.715325502660986601e+00 1.951447540087993815e+00 1.720195336910865080e+01
1.118278751263405368e+01 2.926583316174323102e+00 1.856192998464713284e+01
1.194325069430462349e+01 5.059897126507621579e+00 1.547696083457895710e+01
9.181972507832920627e+00 7.734695467034569560e+00 1.571607993230975175e+01
9.710678233017182137e+00 9.021909522590210173e+00 1.933411766137518484e+01
1.346721983167534731e+01 9.107674855524791724e+00 1.893013313611376347e+01
1.400562520139041389e+01 1.283173822345972326e+01 1.732597641926383147e+01
1.689667323450703407e+01 1.515254270752342336e+01 1.736585360723888627e+01
1.490230814802993109e+01 1.893834230008264896e+01 1.711600882230720089e+01
1.292555519139127718e+01 2.016169356269592683e+01 2.076022958742230173e+01
1.122357578726320071e+01 1.999783669939800035e+01 2.550355766730086771e+01
1.114612411796752234e+01 2.250339087974781194e+01 2.844279988724559161e+01
1.343713180007843455e+01 2.055270805224966324e+01 3.078995683417944207e+01
1.581441605731972189e+01 1.969806199730770757e+01 2.798766044546386311e+01
1.639891320959493015e+01 2.330173330081779426e+01 2.682775596872976465e+01
1.734773711159530407e+01 2.453109334421710486e+01 3.039478931655037997e+01
2.008788315305150363e+01 2.200719140891465742e+01 3.083122034117728560e+01
2.147159421557525150e+01 2.342687442644132290e+01 2.763635265942534147e+01
2.167989118723089703e+01 2.706663408865403397e+01 2.890215462231518728e+01
2.357284708120758054e+01 2.573561166906756625e+01 3.195653483215223289e+01
2.635750448369198295e+01 2.412339946444356542e+01 3.003476489296723884e+01
2.685798143043191288e+01 2.769021873803106715e+01 2.872857205051213469e+01
2.803102612533393412e+01 2.958892154904787120e+01 3.191388716249183233e+01
2.766922913864469535e+01 3.266886189747427238e+01 3.414228445439658088e+01
3.126263419115642961e+01 3.347643599181107277e+01 3.196221303503067546e+01
3.331500180263197564e+01 3.234095354269006606e+01 2.866733449156518887e+01
3.570822645609501222e+01 3.061031728933693685e+01 2.552326880786932861e+01
3.434946622975061814e+01 2.721543962596237520e+01 2.310602861276489861e+01
3.477724345897085101e+01 2.506260405843271499e+01 2.600326994993199747e+01
3.528919028257512736e+01 2.270659903141330460e+01 2.881773310993959925e+01
3.608996184212021063e+01 2.004679644125603843e+01 3.052775240424034919e+01
3.688715701250143297e+01 1.738579164568718838e+01 3.222987902392497261e+01
3.541322815659722778e+01 1.719911181048243520e+01 3.583927609206386933e+01
3.248444126706568369e+01 1.967073667842234741e+01 3.558088211783925914e+01
3.154596792178656983e+01 1.774752995920639265e+01 3.244471046518234658e+01
3.106485902632310570e+01 1.437957991957798676e+01 3.429890179609088818e+01
2.910132348819811909e+01 1.624252186486747718e+01 3.709457841516086773e+01
2.634759962902623442e+01 1.749927462116876598e+01 3.479197428225923261e+01
2.525647484144987232e+01 1.393291661568934003e+01 3.391655100680605273e+01
2.465816810095196132e+01 1.277003387026578096e+01 3.757617646453811489e+01
2.262179173706562452e+01 1.583148594652181451e+01 3.869488853059868205e+01
1.997025934722062601e+01 1.511634092227767567e+01 3.600214663892958100e+01
1.869414830395338356e+01 1.196778758667453424e+01 3.802098388677889318e+01
1.822702188087993846e+01 9.869503597048600696e+00 3.434876416784475595e+01
2.023530600943684732e+01 7.140303374019646654e+00 3.324945935677403241e+01
2.220458156868741639e+01 4.837988343931073132e+00 3.189032048682066645e+01
2.656331675684546312e+01 4.080181613513165217e+00 3.397885012049874121e+01
3.093055578223642144e+01 3.311217348122434068e+00 3.604470969403072900e+01
3.271354810707455840e+01 7.333828064342826636e-01 3.395453397174572530e+01
3.066606028289801600e+01 1.567830500966650442e+00 3.087805132031121502e+01
3.154176082732956488e+01 5.271653654727720628e+00 3.101301318199363521e+01
3.522301533449211774e+01 4.461512871933707380e+00 3.141046049083396952e+01
3.511775368977431100e+01 2.607742758824893592e+00 2.811760451888301304e+01
3.342160213836932314e+01 5.590879760060875725e+00 2.660974017818195847e+01
3.612222625079186145e+01 7.975637427154146586e+00 2.767941960679664959e+01
3.863077896394001698e+01 6.029320196847683277e+00 2.574101255636537644e+01
3.776906424251608030e+01 6.655627361124349051e+00 2.211945645452960463e+01
3.678758950524846938e+01 1.005041663003953190e+01 2.333853122556353554e+01
3.894298637418562237e+01 1.188192048033348058e+01 2.580988336221702895e+01
4.260367073264357884e+01 1.015109864701500442e+01 2.663927318602584648e+01
4.616002525579051508e+01 9.118998653571058099e+00 2.593769464953326676e+01
4.590117836860200384e+01 1.014506374627512564e+01 2.232223481522757069e+01
4.410935906134522355e+01 1.352830720742031190e+01 2.283475928043275971e+01
4.598407333837087663e+01 1.556832253572300395e+01 1.921009916620088731e+01
4.785050606881449653e+01 1.760573512850034561e+01 1.557507964556880253e+01
4.503290824352099975e+01 1.592037905538051490e+01 1.398679283775522464e+01
4.199147077189517319e+01 1.799917378533126566e+01 1.360156775573443610e+01
3.840978143574730552e+01 1.822976031935437291e+01 1.304963882820165466e+01
3.840529167192282500e+01 1.759041860590129502e+01 9.385713838247708551e+00
4.003310757418719135e+01 1.378088688840168707e+01 9.287713638541958971e+00
3.881141440973045320e+01 1.320695609458254260e+01 1.287227295207207511e+01
3.498260836739028434e+01 1.294100950778062398e+01 1.227248725143969033e+01
3.440471321541480165e+01 9.809244856126193568e+00 9.535162433028157025e+00
3.668092532235150571e+01 7.386998523497515734e+00 1.154757621683087621e+01
3.415447180966189222e+01 7.514252623525472075e+00 1.436801209940934676e+01
3.155114530474746104e+01 5.196897913474932906e+00 1.211082306939563225e+01
3.259979221750968748e+01 1.605487261205559291e+00 1.030337408677850064e+01
3.560755236153896419e+01 5.502806132178593712e-01 8.109204418809277115e+00
